100
23 56
23 56
23 56
23 56
23 56
23 56
23 56
23 56
23 56
23 56
23 56
23 56
23 56
23 56
23 56
23 56
23 56
23 56
23 56
23 56
23 56
23 56
23 56
23 56
23 56
23 56
23 56
23 56
23 56
23 56
23 56
23 56
23 56
23 56
23 56
23 56
23 56
23 56
23 56
23 56
23 56
23 56
23 56
23 56
23 56
23 56
23 56
23 56
23 56
23 56
23 56
23 56
23 56
23 56
23 56
23 56
23 56
23 56
23 56
23 56
23 56
23 56
23 56
23 56
23 56
23 56
23 56
23 56
23 56
23 56
23 56
23 56
23 56
23 56
23 56
23 56
23 56
23 56
23 56
23 56
23 56
23 56
23 56
23 56
23 56
23 56
23 56
-0.5 2
-23 56
-23 56
-23 56
-23 56
-23 56
-23 56
-23 56
-23 56
-23 56
-23 56
-23 56
-23 56
-23 56
-23 56
-23 56
-23 56
-23 56
-23 56
-23 56
-23 56
-23 56
-23 56
-23 56
-23 56
-23 56
-23 56
-23 56
-23 56
-23 56
-23 56
-23 56
-23 56
-23 56
-23 56
-23 56
-23 56
0 0


